wandb_version: 1

alpha:
  value: 0.2874463683238605
temperature:
  value: 0.7987921184737756
