wandb_version: 1

alpha:
  value: 0.3224172651352436
temperature:
  value: 0.8036909965952943
