wandb_version: 1

alpha:
  value: 0.3980975999191513
temperature:
  value: 0.5931297626406383
