wandb_version: 1

alpha:
  value: 0.40597330999234627
temperature:
  value: 1.4406284370754672
