wandb_version: 1

alpha:
  value: 0.3380175867512716
temperature:
  value: 0.8778124219113644
