wandb_version: 1

alpha:
  value: 0.4064431257897497
temperature:
  value: 0.1514697242582491
