wandb_version: 1

alpha:
  value: 0.3324333826536662
temperature:
  value: 0.2850477677328529
