wandb_version: 1

alpha:
  value: 0.3808835330881656
temperature:
  value: 1.0184782383695357
