wandb_version: 1

alpha:
  value: 0.103624168812893
temperature:
  value: 0.17105608800885724
