wandb_version: 1

alpha:
  value: 0.15243417954643387
temperature:
  value: 1.020740308849041
