wandb_version: 1

alpha:
  value: 0.29721809187831383
temperature:
  value: 1.3467518407981434
