wandb_version: 1

alpha:
  value: 0.4151156414265452
temperature:
  value: 1.084821976832019
