wandb_version: 1

alpha:
  value: 0.1214783521386083
temperature:
  value: 1.0640471877133626
