wandb_version: 1

alpha:
  value: 0.336165519562618
temperature:
  value: 0.7087477591683433
