wandb_version: 1

alpha:
  value: 0.41422164871505096
temperature:
  value: 1.1540633524462296
