wandb_version: 1

alpha:
  value: 0.11524042863374548
temperature:
  value: 0.5550853960095902
