wandb_version: 1

alpha:
  value: 0.34555666340450875
temperature:
  value: 0.9583406984105776
