wandb_version: 1

alpha:
  value: 0.17665616671138495
temperature:
  value: 1.3481487545424276
