wandb_version: 1

alpha:
  value: 0.15464501051725185
temperature:
  value: 0.9860560743840204
