wandb_version: 1

alpha:
  value: 0.34617736484823936
temperature:
  value: 1.326071998873921
