wandb_version: 1

alpha:
  value: 0.1556941660563271
temperature:
  value: 1.118899712468242
