wandb_version: 1

alpha:
  value: 0.3126287827042965
temperature:
  value: 1.012240136016016
