wandb_version: 1

alpha:
  value: 0.35543842624271416
epsilon:
  value: 0.04384066734134143
