wandb_version: 1

alpha:
  value: 0.4648930084140131
epsilon:
  value: 0.010233162201356552
