wandb_version: 1

alpha:
  value: 0.4993540141857624
epsilon:
  value: 0.05152308830475457
