wandb_version: 1

alpha:
  value: 0.15685793074189283
epsilon:
  value: 0.08862550294857052
