wandb_version: 1

alpha:
  value: 0.49657640846605344
epsilon:
  value: 0.1415634817839692
