wandb_version: 1

alpha:
  value: 0.49639977203480823
epsilon:
  value: 0.09405280282488744
