wandb_version: 1

alpha:
  value: 0.45149397351377274
epsilon:
  value: 0.03934271999207987
