wandb_version: 1

alpha:
  value: 0.49688801072089794
epsilon:
  value: 0.028394959564508222
