wandb_version: 1

alpha:
  value: 0.47144737335502906
epsilon:
  value: 0.010385129963689042
