wandb_version: 1

alpha:
  value: 0.2158184780619357
epsilon:
  value: 0.1469550174939609
