wandb_version: 1

alpha:
  value: 0.4083101778812236
epsilon:
  value: 0.1483465630858962
