wandb_version: 1

alpha:
  value: 0.49327790183415976
epsilon:
  value: 0.010175610147342832
