wandb_version: 1

alpha:
  value: 0.2535348119356321
epsilon:
  value: 0.05928037271188643
