wandb_version: 1

alpha:
  value: 0.4886019047260232
epsilon:
  value: 0.03715964989068995
