wandb_version: 1

alpha:
  value: 0.25431886415170474
epsilon:
  value: 0.06424040784216228
