wandb_version: 1

alpha:
  value: 0.28056216294151215
epsilon:
  value: 0.04906061273230579
