wandb_version: 1

alpha:
  value: 0.4723714473015338
epsilon:
  value: 0.026438316770940315
