wandb_version: 1

alpha:
  value: 0.42245201078875705
epsilon:
  value: 0.11811838257538264
