wandb_version: 1

alpha:
  value: 0.33129887748239706
epsilon:
  value: 0.1420612773372494
