wandb_version: 1

alpha:
  value: 0.496492991222338
epsilon:
  value: 0.07374891895432385
