wandb_version: 1

alpha:
  value: 0.3709711442645983
epsilon:
  value: 0.011031590662509753
