wandb_version: 1

alpha:
  value: 0.473170301100281
epsilon:
  value: 0.010600875958554402
