wandb_version: 1

alpha:
  value: 0.3961237697355016
epsilon:
  value: 0.04026768949212389
