wandb_version: 1

alpha:
  value: 0.4961000940622522
epsilon:
  value: 0.01425084680986807
