wandb_version: 1

alpha:
  value: 0.21239596486612955
epsilon:
  value: 0.0291759142283943
