wandb_version: 1

alpha:
  value: 0.1120378289721399
epsilon:
  value: 0.010518371930037587
