wandb_version: 1

alpha:
  value: 0.3288997801757618
temperature:
  value: 0.10038514359676363
