wandb_version: 1

alpha:
  value: 0.4942694122497002
temperature:
  value: 0.11084525012052136
