wandb_version: 1

alpha:
  value: 0.2004913615555436
temperature:
  value: 0.3071273280955296
