wandb_version: 1

alpha:
  value: 0.4529629624740775
temperature:
  value: 0.10225902297170077
