wandb_version: 1

alpha:
  value: 0.23250555204838985
temperature:
  value: 0.13311260764022176
