wandb_version: 1

alpha:
  value: 0.48793429532871346
temperature:
  value: 0.12902458761271568
