wandb_version: 1

alpha:
  value: 0.4467177286000098
temperature:
  value: 0.2857195112508478
