wandb_version: 1

alpha:
  value: 0.4979236609747299
temperature:
  value: 0.21724611419113216
