wandb_version: 1

alpha:
  value: 0.49820500848774185
temperature:
  value: 0.4844438516418279
