wandb_version: 1

alpha:
  value: 0.39180923150281
temperature:
  value: 0.22937396593079867
