wandb_version: 1

alpha:
  value: 0.4550027022910774
temperature:
  value: 0.12234269145229212
