wandb_version: 1

alpha:
  value: 0.10061605249437044
temperature:
  value: 1.4761508820484817
