wandb_version: 1

alpha:
  value: 0.2490677821911151
temperature:
  value: 1.4165684311114768
