wandb_version: 1

alpha:
  value: 0.4966925865342259
temperature:
  value: 1.4991229935475705
