wandb_version: 1

alpha:
  value: 0.10386196683795182
temperature:
  value: 0.7447271165239907
