wandb_version: 1

alpha:
  value: 0.35073319406296144
temperature:
  value: 0.142591826771441
