wandb_version: 1

alpha:
  value: 0.3275178510948572
temperature:
  value: 0.21320605033815507
