wandb_version: 1

alpha:
  value: 0.4867411830824645
temperature:
  value: 0.15033152941946573
