wandb_version: 1

alpha:
  value: 0.3822586911664751
temperature:
  value: 0.7229402205453191
