wandb_version: 1

alpha:
  value: 0.40453344436842054
temperature:
  value: 1.0630332718320288
