wandb_version: 1

alpha:
  value: 0.13944218002039166
temperature:
  value: 0.14722398350142368
