wandb_version: 1

alpha:
  value: 0.24987945719729124
temperature:
  value: 0.5170843738361184
