wandb_version: 1

alpha:
  value: 0.4368891320581417
temperature:
  value: 0.10303982371121297
