wandb_version: 1

alpha:
  value: 0.45156111001763555
temperature:
  value: 1.281945762896792
