wandb_version: 1

alpha:
  value: 0.47278605636695914
temperature:
  value: 0.11459744376786718
