wandb_version: 1

alpha:
  value: 0.3868150639224356
temperature:
  value: 0.1035191071325108
