wandb_version: 1

alpha:
  value: 0.4960806417867698
temperature:
  value: 0.11587741217980602
