wandb_version: 1

alpha:
  value: 0.3374251203454178
temperature:
  value: 0.11862532034030468
