wandb_version: 1

alpha:
  value: 0.35470333280458977
temperature:
  value: 0.3415699439278037
