wandb_version: 1

alpha:
  value: 0.49599056428855826
temperature:
  value: 0.33831909650822695
