wandb_version: 1

alpha:
  value: 0.49965881158595093
temperature:
  value: 0.457596681833948
