wandb_version: 1

alpha:
  value: 0.4834116041578115
temperature:
  value: 0.1807253843736207
