wandb_version: 1

alpha:
  value: 0.49447791723174095
temperature:
  value: 0.15472653952491308
