wandb_version: 1

alpha:
  value: 0.320548494197337
temperature:
  value: 0.26972183132323707
