wandb_version: 1

alpha:
  value: 0.4241289794754672
temperature:
  value: 0.516305761527094
