wandb_version: 1

alpha:
  value: 0.3449707387054681
temperature:
  value: 0.19551265185808317
