wandb_version: 1

alpha:
  value: 0.10098156459366936
temperature:
  value: 0.1043626763235312
