wandb_version: 1

alpha:
  value: 0.1660230012818113
temperature:
  value: 0.381408294665513
