wandb_version: 1

alpha:
  value: 0.49061134665204753
temperature:
  value: 0.14082129214848046
