wandb_version: 1

alpha:
  value: 0.4998080917382325
temperature:
  value: 0.1008462291010924
