wandb_version: 1

alpha:
  value: 0.4529647486307278
temperature:
  value: 0.1152617587158341
