wandb_version: 1

alpha:
  value: 0.4937032723173588
temperature:
  value: 0.6016757311408362
