wandb_version: 1

alpha:
  value: 0.30393968952506484
temperature:
  value: 0.6149161414105558
