wandb_version: 1

alpha:
  value: 0.49907677836858255
temperature:
  value: 0.510629998397505
