wandb_version: 1

alpha:
  value: 0.49694497373212654
temperature:
  value: 1.1469776227898625
