wandb_version: 1

alpha:
  value: 0.11643844261211823
temperature:
  value: 0.7512631860527859
