wandb_version: 1

alpha:
  value: 0.4093984632263802
temperature:
  value: 0.5168076785159866
