wandb_version: 1

alpha:
  value: 0.34868098699619565
temperature:
  value: 0.5988058419410964
