wandb_version: 1

alpha:
  value: 0.10834441947728808
temperature:
  value: 1.4998129835365637
