wandb_version: 1

alpha:
  value: 0.25016212946880056
temperature:
  value: 0.8589311668863547
