wandb_version: 1

alpha:
  value: 0.18041172286392873
temperature:
  value: 0.5010594947057866
