wandb_version: 1

alpha:
  value: 0.15699661243809376
temperature:
  value: 0.97482289776347
