wandb_version: 1

alpha:
  value: 0.35291040961618847
temperature:
  value: 0.5004647923311736
