wandb_version: 1

alpha:
  value: 0.3866294914416176
temperature:
  value: 0.5074384303205035
