wandb_version: 1

alpha:
  value: 0.2851740697910209
temperature:
  value: 1.3312290506714322
