wandb_version: 1

alpha:
  value: 0.3219414101751312
temperature:
  value: 0.8117286619183032
