wandb_version: 1

alpha:
  value: 0.38458878864974966
temperature:
  value: 1.0375956554324417
