wandb_version: 1

alpha:
  value: 0.2344075081949884
temperature:
  value: 0.9265934711465622
