wandb_version: 1

alpha:
  value: 0.38477955360902727
temperature:
  value: 0.5889742961524318
