wandb_version: 1

alpha:
  value: 0.4045102983519696
temperature:
  value: 0.7557996052005286
