wandb_version: 1

alpha:
  value: 0.1032136746648495
temperature:
  value: 0.5050338084789209
