wandb_version: 1

alpha:
  value: 0.19878259442720256
temperature:
  value: 0.5066438792505152
