wandb_version: 1

alpha:
  value: 0.2689747081084154
temperature:
  value: 0.9693070636009188
