wandb_version: 1

alpha:
  value: 0.3992484063625176
epsilon:
  value: 0.14943653905814913
