wandb_version: 1

alpha:
  value: 0.15379351619275994
epsilon:
  value: 0.04237651590690006
