wandb_version: 1

alpha:
  value: 0.17045457963670296
epsilon:
  value: 0.03560900371205086
