wandb_version: 1

alpha:
  value: 0.20176609308129065
epsilon:
  value: 0.016648811370789662
