wandb_version: 1

alpha:
  value: 0.48439801919641146
epsilon:
  value: 0.1200643765901951
