wandb_version: 1

alpha:
  value: 0.26385779693595646
epsilon:
  value: 0.14034102169477927
