wandb_version: 1

alpha:
  value: 0.44444618816912984
epsilon:
  value: 0.06941948093853285
