wandb_version: 1

alpha:
  value: 0.2649198660618193
epsilon:
  value: 0.13824212610975714
