wandb_version: 1

alpha:
  value: 0.4318465421386253
epsilon:
  value: 0.11228264279900033
