wandb_version: 1

alpha:
  value: 0.3546597118417879
epsilon:
  value: 0.14762934141477604
