wandb_version: 1

alpha:
  value: 0.4791670892050255
epsilon:
  value: 0.035045368175015586
