wandb_version: 1

alpha:
  value: 0.38659521076594294
epsilon:
  value: 0.06253684170821827
