wandb_version: 1

alpha:
  value: 0.2810044763129832
epsilon:
  value: 0.13116887379112438
