wandb_version: 1

alpha:
  value: 0.19943840743936725
epsilon:
  value: 0.04699625261566981
