wandb_version: 1

alpha:
  value: 0.20534854146712536
epsilon:
  value: 0.08208124586320308
