wandb_version: 1

alpha:
  value: 0.24511091599584067
epsilon:
  value: 0.11970196475682676
