wandb_version: 1

alpha:
  value: 0.3312965655334543
epsilon:
  value: 0.12616974116912685
