wandb_version: 1

alpha:
  value: 0.39803701902837063
epsilon:
  value: 0.0426133878067921
