wandb_version: 1

alpha:
  value: 0.1824993745052144
epsilon:
  value: 0.14523904462817394
