wandb_version: 1

alpha:
  value: 0.17698439464682145
epsilon:
  value: 0.12500380131041744
