wandb_version: 1

alpha:
  value: 0.4982483293219073
epsilon:
  value: 0.09433182355250516
