wandb_version: 1

alpha:
  value: 0.30897714455165737
epsilon:
  value: 0.11859370366947546
