wandb_version: 1

alpha:
  value: 0.3960923498587619
epsilon:
  value: 0.014590570917709976
