wandb_version: 1

alpha:
  value: 0.3962792051484394
epsilon:
  value: 0.07867071478664348
