wandb_version: 1

alpha:
  value: 0.2610795144172261
temperature:
  value: 0.4606972647754597
