wandb_version: 1

alpha:
  value: 0.33317289100562153
temperature:
  value: 0.7096872672436462
