wandb_version: 1

alpha:
  value: 0.3411795628295529
epsilon:
  value: 0.1496607385059487
