wandb_version: 1

alpha:
  value: 0.40669424791493447
epsilon:
  value: 0.01484694645776334
