wandb_version: 1

alpha:
  value: 0.45420190919406433
epsilon:
  value: 0.03605478462636894
