wandb_version: 1

alpha:
  value: 0.470415690620304
epsilon:
  value: 0.010225971390811533
