wandb_version: 1

alpha:
  value: 0.3968699809422257
epsilon:
  value: 0.01610803646943391
