wandb_version: 1

alpha:
  value: 0.10628928984951164
epsilon:
  value: 0.01242543586736874
