wandb_version: 1

alpha:
  value: 0.3655371856605947
epsilon:
  value: 0.0501709000281813
