wandb_version: 1

alpha:
  value: 0.40982031310411016
epsilon:
  value: 0.03967437924302667
