wandb_version: 1

alpha:
  value: 0.35700315400501903
epsilon:
  value: 0.07026269190298798
