wandb_version: 1

alpha:
  value: 0.40064334072252694
epsilon:
  value: 0.02769023202039688
