wandb_version: 1

alpha:
  value: 0.3832306192194497
epsilon:
  value: 0.020130846659861604
