wandb_version: 1

alpha:
  value: 0.36693747304701463
epsilon:
  value: 0.035052423108135715
