wandb_version: 1

alpha:
  value: 0.43628528665343547
epsilon:
  value: 0.01972473201672703
