wandb_version: 1

alpha:
  value: 0.4331314537996245
epsilon:
  value: 0.07081088267836114
