wandb_version: 1

alpha:
  value: 0.4993355592533927
epsilon:
  value: 0.05622014569014973
