wandb_version: 1

alpha:
  value: 0.3619724773861752
epsilon:
  value: 0.01066770098967255
