wandb_version: 1

alpha:
  value: 0.477608185197841
epsilon:
  value: 0.01550234023674324
