wandb_version: 1

alpha:
  value: 0.3776195789955453
epsilon:
  value: 0.037228296642092255
