wandb_version: 1

alpha:
  value: 0.30409322752639534
epsilon:
  value: 0.05114585151251425
