wandb_version: 1

alpha:
  value: 0.48925587446805896
epsilon:
  value: 0.011743150220563676
