wandb_version: 1

alpha:
  value: 0.3955588497145083
epsilon:
  value: 0.0908093704138552
