wandb_version: 1

alpha:
  value: 0.30378899921189206
epsilon:
  value: 0.01001239418126702
