wandb_version: 1

alpha:
  value: 0.49267717669330535
epsilon:
  value: 0.09683649147595022
