wandb_version: 1

alpha:
  value: 0.1125255517568936
epsilon:
  value: 0.14874831979058495
