wandb_version: 1

alpha:
  value: 0.3381321798205206
temperature:
  value: 1.4854999253233916
