wandb_version: 1

alpha:
  value: 0.3784058267099736
temperature:
  value: 0.6019213193926347
