wandb_version: 1

alpha:
  value: 0.49988412233238777
temperature:
  value: 0.7450161981736626
