wandb_version: 1

alpha:
  value: 0.40709511571014256
temperature:
  value: 0.6620731220431316
