wandb_version: 1

alpha:
  value: 0.2887828783658426
temperature:
  value: 1.491601539122054
