wandb_version: 1

alpha:
  value: 0.10803333632659778
temperature:
  value: 0.5017308242701396
