wandb_version: 1

alpha:
  value: 0.1855167449531313
temperature:
  value: 1.044835268566393
