wandb_version: 1

alpha:
  value: 0.35022352052294237
temperature:
  value: 1.1861282023401882
