wandb_version: 1

alpha:
  value: 0.4100426072568961
temperature:
  value: 0.683661706887109
