wandb_version: 1

alpha:
  value: 0.24917943430674852
temperature:
  value: 0.5006691935942404
