wandb_version: 1

alpha:
  value: 0.12337787916143732
temperature:
  value: 1.4934704760198998
