wandb_version: 1

alpha:
  value: 0.49625329319329825
temperature:
  value: 0.9700759925854004
