wandb_version: 1

alpha:
  value: 0.4255885026735664
temperature:
  value: 0.8135865326913333
