wandb_version: 1

alpha:
  value: 0.3069001078741419
temperature:
  value: 0.5293369757681892
