wandb_version: 1

alpha:
  value: 0.34256086452496737
temperature:
  value: 0.5178532865683828
