wandb_version: 1

alpha:
  value: 0.13676224144370663
temperature:
  value: 0.5097535577103385
