wandb_version: 1

alpha:
  value: 0.22321897544141295
temperature:
  value: 0.5051122470445946
