wandb_version: 1

alpha:
  value: 0.3322497877555556
temperature:
  value: 1.0547942842654334
