wandb_version: 1

alpha:
  value: 0.4974218870075484
temperature:
  value: 1.49019399710236
