wandb_version: 1

alpha:
  value: 0.11333518890913448
temperature:
  value: 0.503643107606917
