wandb_version: 1

alpha:
  value: 0.2695628842666741
epsilon:
  value: 0.1462619222690867
