wandb_version: 1

alpha:
  value: 0.4220597706451601
epsilon:
  value: 0.07408405348122504
