wandb_version: 1

alpha:
  value: 0.4583120683145
epsilon:
  value: 0.10344391057975091
