wandb_version: 1

alpha:
  value: 0.4970321966271396
epsilon:
  value: 0.05766676972377126
