wandb_version: 1

alpha:
  value: 0.3186009847452933
epsilon:
  value: 0.04140152918722073
