wandb_version: 1

alpha:
  value: 0.34634515028263985
epsilon:
  value: 0.1330202840739132
