wandb_version: 1

alpha:
  value: 0.32692364332458845
epsilon:
  value: 0.029435862323343907
