wandb_version: 1

alpha:
  value: 0.3407895401862735
epsilon:
  value: 0.13710043295041618
