wandb_version: 1

alpha:
  value: 0.3359726225386704
epsilon:
  value: 0.09761683794856268
