wandb_version: 1

alpha:
  value: 0.10069136595331536
epsilon:
  value: 0.01090281556811465
