wandb_version: 1

alpha:
  value: 0.15177042795824724
epsilon:
  value: 0.03591721007104631
