wandb_version: 1

alpha:
  value: 0.42781283617615984
epsilon:
  value: 0.13065503944327597
