wandb_version: 1

alpha:
  value: 0.4052959428685322
epsilon:
  value: 0.14930497823016006
