wandb_version: 1

alpha:
  value: 0.4837424184166693
epsilon:
  value: 0.09009718864108282
