wandb_version: 1

alpha:
  value: 0.267729094594936
epsilon:
  value: 0.129144694411049
