wandb_version: 1

alpha:
  value: 0.32541510855071776
epsilon:
  value: 0.01183950868460392
