wandb_version: 1

alpha:
  value: 0.4179361878311389
epsilon:
  value: 0.14862787924143123
