wandb_version: 1

alpha:
  value: 0.1911420907399613
epsilon:
  value: 0.020753941032946005
