wandb_version: 1

alpha:
  value: 0.13749394791717007
epsilon:
  value: 0.026068113387300973
