wandb_version: 1

alpha:
  value: 0.42053340311955045
epsilon:
  value: 0.09127881488087938
