wandb_version: 1

alpha:
  value: 0.4984713481831165
epsilon:
  value: 0.028366674629373284
