wandb_version: 1

alpha:
  value: 0.3781806809139303
epsilon:
  value: 0.11024601296287365
