wandb_version: 1

alpha:
  value: 0.4608466646211853
epsilon:
  value: 0.14825480208756597
