wandb_version: 1

alpha:
  value: 0.15986577919689884
epsilon:
  value: 0.10287646175554416
