wandb_version: 1

alpha:
  value: 0.3374786275864703
epsilon:
  value: 0.13885742939098533
