wandb_version: 1

alpha:
  value: 0.4922528048851627
epsilon:
  value: 0.12736043496300894
