wandb_version: 1

alpha:
  value: 0.3323811851885994
epsilon:
  value: 0.14826581208169887
