wandb_version: 1

alpha:
  value: 0.4106843514143178
epsilon:
  value: 0.11754718235761712
