wandb_version: 1

alpha:
  value: 0.22048078477820623
epsilon:
  value: 0.12065481893714644
