wandb_version: 1

alpha:
  value: 0.2679262327332549
epsilon:
  value: 0.0300551331178936
