wandb_version: 1

alpha:
  value: 0.2520963252552327
epsilon:
  value: 0.011350360320949422
