wandb_version: 1

alpha:
  value: 0.27148507109469083
epsilon:
  value: 0.056214109920026574
