wandb_version: 1

alpha:
  value: 0.4852363850063398
epsilon:
  value: 0.019536566323441255
