wandb_version: 1

alpha:
  value: 0.4477176555088914
epsilon:
  value: 0.011112556975532276
