wandb_version: 1

alpha:
  value: 0.3952998294750565
epsilon:
  value: 0.11075648040701502
