wandb_version: 1

alpha:
  value: 0.1070867160261237
epsilon:
  value: 0.1495877696399019
