wandb_version: 1

alpha:
  value: 0.3428764060785956
epsilon:
  value: 0.023659241995347465
