wandb_version: 1

alpha:
  value: 0.26574842158633044
epsilon:
  value: 0.07889102747749999
