wandb_version: 1

alpha:
  value: 0.2618697680489388
epsilon:
  value: 0.12107180616304623
