wandb_version: 1

alpha:
  value: 0.2905500122568655
epsilon:
  value: 0.03392892435967197
