wandb_version: 1

alpha:
  value: 0.17052994255716475
epsilon:
  value: 0.132232366792041
