wandb_version: 1

alpha:
  value: 0.22444459112766757
epsilon:
  value: 0.04834733952029765
