wandb_version: 1

alpha:
  value: 0.10505840839824648
epsilon:
  value: 0.01068124921426579
