wandb_version: 1

alpha:
  value: 0.3531492788433118
epsilon:
  value: 0.11246044057209456
