wandb_version: 1

alpha:
  value: 0.3440861947287517
epsilon:
  value: 0.13685275380849143
