wandb_version: 1

alpha:
  value: 0.1726125709560531
epsilon:
  value: 0.030385615297494353
