wandb_version: 1

alpha:
  value: 0.11012532757101036
epsilon:
  value: 0.016710657438973868
