wandb_version: 1

alpha:
  value: 0.407105160641001
epsilon:
  value: 0.12256383028140702
