wandb_version: 1

alpha:
  value: 0.4699369718761742
epsilon:
  value: 0.016630310102673337
