wandb_version: 1

alpha:
  value: 0.20711925935305792
epsilon:
  value: 0.04842823531115515
