wandb_version: 1

alpha:
  value: 0.1446586585643315
epsilon:
  value: 0.011020808443482523
