wandb_version: 1

alpha:
  value: 0.2266579878037983
epsilon:
  value: 0.010468668403456885
