wandb_version: 1

alpha:
  value: 0.17927423653232075
epsilon:
  value: 0.02804711397930608
