wandb_version: 1

alpha:
  value: 0.1408289363238383
epsilon:
  value: 0.02732644142321443
