wandb_version: 1

alpha:
  value: 0.18637203890188545
epsilon:
  value: 0.010139707198068938
