wandb_version: 1

alpha:
  value: 0.1056392848249964
epsilon:
  value: 0.0216415109348461
