wandb_version: 1

alpha:
  value: 0.3298298864645107
epsilon:
  value: 0.07123910865679986
