wandb_version: 1

alpha:
  value: 0.33020544810112773
epsilon:
  value: 0.016050675780355295
