wandb_version: 1

alpha:
  value: 0.2630389507381361
epsilon:
  value: 0.06135207167116506
