wandb_version: 1

alpha:
  value: 0.14644869371331548
epsilon:
  value: 0.02419329241934673
