wandb_version: 1

alpha:
  value: 0.36753616070400374
epsilon:
  value: 0.02722441812558548
