wandb_version: 1

alpha:
  value: 0.12704393934833838
epsilon:
  value: 0.026810230830751312
