wandb_version: 1

alpha:
  value: 0.23688635091864643
epsilon:
  value: 0.1321011298117011
