wandb_version: 1

alpha:
  value: 0.20395349654214529
epsilon:
  value: 0.023277907209648608
