wandb_version: 1

alpha:
  value: 0.3460884580091683
epsilon:
  value: 0.011226163946114975
