wandb_version: 1

alpha:
  value: 0.2862905486944829
epsilon:
  value: 0.04611253165686019
