wandb_version: 1

alpha:
  value: 0.49065463196318915
epsilon:
  value: 0.045081278952452314
