wandb_version: 1

alpha:
  value: 0.16997590821670577
epsilon:
  value: 0.07173035969837759
