wandb_version: 1

alpha:
  value: 0.10068131429961312
epsilon:
  value: 0.0990856496255087
