wandb_version: 1

alpha:
  value: 0.3925481085544597
epsilon:
  value: 0.012728206415098486
