wandb_version: 1

alpha:
  value: 0.10090868750791453
epsilon:
  value: 0.01421778014664462
