wandb_version: 1

alpha:
  value: 0.12800906759240346
epsilon:
  value: 0.02271341125816041
