wandb_version: 1

alpha:
  value: 0.28019338574800445
epsilon:
  value: 0.0274599871222478
