wandb_version: 1

alpha:
  value: 0.3010857063843996
epsilon:
  value: 0.010759209438249626
