wandb_version: 1

alpha:
  value: 0.21069751403138465
epsilon:
  value: 0.02479108922957494
