wandb_version: 1

alpha:
  value: 0.13671327060251937
epsilon:
  value: 0.110300028128844
