wandb_version: 1

alpha:
  value: 0.3978765466062244
epsilon:
  value: 0.07182255064369558
