wandb_version: 1

alpha:
  value: 0.29390103761311037
epsilon:
  value: 0.08494756692593314
