wandb_version: 1

alpha:
  value: 0.37610543596016355
epsilon:
  value: 0.08418128829300091
