wandb_version: 1

alpha:
  value: 0.298013340377824
epsilon:
  value: 0.05378529861948674
