wandb_version: 1

alpha:
  value: 0.39564946737035867
epsilon:
  value: 0.1208492574475288
