wandb_version: 1

alpha:
  value: 0.2562744165392902
epsilon:
  value: 0.055341750717050345
