wandb_version: 1

alpha:
  value: 0.28980023602186
epsilon:
  value: 0.12823545553887167
