wandb_version: 1

alpha:
  value: 0.4800082313805972
epsilon:
  value: 0.0293860625264781
