wandb_version: 1

alpha:
  value: 0.4069424404061393
epsilon:
  value: 0.1457722737455825
