wandb_version: 1

alpha:
  value: 0.4970716260111635
epsilon:
  value: 0.12430979746142956
