wandb_version: 1

alpha:
  value: 0.3992108030249284
epsilon:
  value: 0.1168808403138724
