wandb_version: 1

alpha:
  value: 0.3841776799094552
epsilon:
  value: 0.1292738349305969
