wandb_version: 1

alpha:
  value: 0.24467616035129097
epsilon:
  value: 0.07551761901724205
