wandb_version: 1

alpha:
  value: 0.43010469121536155
epsilon:
  value: 0.08468604251323408
