wandb_version: 1

alpha:
  value: 0.15944268379093135
epsilon:
  value: 0.14481052141374923
