wandb_version: 1

alpha:
  value: 0.17663292211274842
epsilon:
  value: 0.040290952639047826
