wandb_version: 1

alpha:
  value: 0.4405296815173807
epsilon:
  value: 0.12656432044331611
