wandb_version: 1

alpha:
  value: 0.4205371828161769
epsilon:
  value: 0.11978361311794324
