wandb_version: 1

alpha:
  value: 0.15053752391614272
epsilon:
  value: 0.08637924249907648
