wandb_version: 1

alpha:
  value: 0.42843593694600635
epsilon:
  value: 0.07346979588403729
