wandb_version: 1

alpha:
  value: 0.43532402013948257
epsilon:
  value: 0.013435910014198044
