wandb_version: 1

alpha:
  value: 0.4724201427139376
epsilon:
  value: 0.08464753397715044
